Particle: CF-01-T06
Diameter: 384.5 μm 
Initial temperature: 1,900 K

final bubble diameters (μm)
[array([[26.87958247, 29.91384137, 28.3784272 , 29.91696101, 29.96442954,
        30.10984365, 28.8132583 , 29.63849504, 21.81517032, 30.01562888,
        29.65438626, 29.82678754, 30.16685121, 29.98446207, 29.94928601,
        29.70088641, 29.785008  , 30.24433146, 30.15523885],
       [29.92399046, 22.37795865, 17.9061476 , 27.56108323, 30.10022984,
        16.43857931, 17.34229018, 25.43181347, 18.46138636, 29.73415922,
        25.16793831, 29.64506398, 18.26814794, 30.03342726, 18.58707683,
        22.70607089, 20.26865044, 19.40458371, 30.0295337 ],
       [15.65029922, 29.86867478, 29.59961587, 17.52825581, 30.03174216,
        17.83182189, 29.43100466, 29.76576472, 30.33231634, 18.31216836,
        16.75226806, 29.88553547, 30.06364374, 30.07447679, 29.95006198,
        17.91925231, 23.1857627 , 30.0440516 , 29.87186046],
       [29.91855472, 30.08837553, 29.49960232, 17.38024485, 29.88213209,
        28.1845402 , 29.95565631, 30.13545349, 30.22250981, 30.10518601,
        29.98645897, 29.19037134, 29.65522049, 29.87395974, 30.14850415,
        30.01558928, 18.80410933, 30.16064492, 17.860227  ],
       [17.17422269, 29.94403844, 30.1492474 , 29.25197648, 30.06205893,
        28.621365  , 29.94580551, 23.99880057, 25.01329671, 27.5814252 ,
        18.84277403, 16.75280962, 17.04673202, 26.71501515, 17.37414751,
        28.03748193, 17.06559481, 18.96125024, 17.06187049],
       [29.82673739, 29.87610513, 30.0992993 , 30.06666901, 18.65253943,
        17.73710975, 16.55855274, 25.40866608, 29.99054843, 29.30631442,
        17.82739443, 29.863249  , 17.17803719, 19.14450459, 30.24827182,
        18.90875634, 24.04513446, 30.16530595, 30.17887081],
       [16.73045898, 29.76810195, 25.24591932, 19.31133147, 29.83692802,
        30.07948755, 30.16940868, 27.52094878, 30.11084611, 30.05202693,
        29.12328637, 17.24269844, 23.37381916, 29.34613901, 18.0629749 ,
        29.09832325, 29.68366015, 17.86808146, 29.85814943],
       [18.56760484, 23.28685183, 17.17631839, 17.53366759, 29.35759781,
        29.26597177, 29.93309311, 17.98884823, 29.72728716, 28.7321963 ,
        29.70594737, 22.51615277, 16.85980904, 27.52466111, 29.90434642,
        29.9734591 , 27.35791874, 26.81526609, 29.7749614 ],
       [29.70549072, 29.43941497, 21.30588176, 25.47806024, 25.20538039,
        17.11047646, 29.99927683, 16.50082865, 30.1351244 , 29.68439648,
        14.50506124, 29.86512718, 29.77925529, 28.68315469, 23.2398984 ,
        17.26574436, 30.06094886, 16.22995651, 29.91317306],
       [29.62571088, 28.71920361, 19.32107458, 29.99179245, 30.25644037,
        29.01743365, 30.01680349, 29.6018716 , 30.22966535, 30.15262778,
        27.29847312, 16.86942388, 30.01474272, 18.97163427, 29.89475593,
        29.72669467, 17.98791022, 29.81440848, 22.87624802]])]
bubble initial positions (not normalised) (μm)
[array([[233.78, 152.16, 208.76,  12.22, 144.75, 103.1 , 188.09, 170.89,
        270.15,  29.26, 136.8 ,  18.75,  29.93, 116.76, 142.15, 102.8 ,
         92.7 , 151.8 ,  50.1 ],
       [ 19.23, 263.59, 378.6 , 227.44, 113.77, 357.58, 341.63, 241.92,
        332.97,  52.26, 244.62,  49.75, 318.58, 135.08, 343.99, 262.04,
        276.34, 366.71,  95.71],
       [357.15, 121.12,  81.42, 309.98,  77.36, 307.23,  52.26,  14.61,
         96.54, 312.65, 324.74,  71.94,  31.7 ,  30.  , 129.62, 309.73,
        252.68, 131.68,  33.21],
       [123.67,  73.03,  13.86, 377.42,  78.1 , 197.99,  76.75,  30.78,
         91.98,  24.73,  28.25, 184.04, 150.42,  69.67,  47.85,  76.53,
        308.53, 115.78, 300.15],
       [380.82,  69.61,  25.95, 194.06, 111.32, 197.81,  40.32, 256.37,
        238.6 , 216.34, 329.49, 326.9 , 362.53, 245.48, 376.12, 202.08,
        360.  , 337.01, 379.83],
       [ 87.76,   7.58, 116.22, 130.06, 333.1 , 320.29, 378.54, 236.15,
         67.1 , 176.86, 299.58,  28.52, 312.09, 315.39,  45.37, 350.38,
        260.82,  62.  , 102.73],
       [333.92, 134.54, 244.59, 382.51, 160.21, 152.65,  55.9 , 218.03,
        116.78,  57.81, 179.65, 294.64, 247.99,  18.38, 380.86, 192.16,
        106.04, 372.8 ,  90.74],
       [366.5 , 256.92, 334.88, 335.64, 169.54, 188.69, 147.35, 334.72,
         34.46, 203.03,  75.87, 268.19, 311.33, 211.32,  84.48, 108.33,
        220.64, 219.75, 167.09],
       [ 72.69, 176.42, 267.69, 242.47, 248.34, 297.15, 114.54, 304.24,
         94.61,  42.53, 355.43, 141.09,  76.91, 207.3 , 250.  , 380.41,
         52.05, 374.1 ,  48.51],
       [ 53.61, 197.73, 344.02,  26.39,  46.99, 191.12,   8.3 , 108.03,
         45.07,  96.14, 235.2 , 330.27,  40.42, 364.55,  63.94,  38.92,
        327.02,  36.32, 264.93]])]

bubble initial positions (normalised) 
[array([[0.6080104 , 0.39573472, 0.54293888, 0.03178153, 0.37646294,
        0.26814044, 0.48918075, 0.44444733, 0.70260078, 0.07609883,
        0.35578674, 0.04876463, 0.07784135, 0.3036671 , 0.36970091,
        0.26736021, 0.24109233, 0.39479844, 0.13029909],
       [0.050013  , 0.68553966, 0.9846554 , 0.59152146, 0.29589077,
        0.929987  , 0.88850455, 0.62918075, 0.86598179, 0.13591678,
        0.63620286, 0.12938882, 0.82855657, 0.35131339, 0.89464239,
        0.68150845, 0.71869961, 0.95373212, 0.24892068],
       [0.92886866, 0.3150065 , 0.21175553, 0.80618986, 0.20119636,
        0.79903771, 0.13591678, 0.0379974 , 0.25107932, 0.81313394,
        0.84457737, 0.18710013, 0.08244473, 0.07802341, 0.33711313,
        0.80553966, 0.65716515, 0.34247074, 0.08637191],
       [0.32163849, 0.18993498, 0.03604681, 0.98158648, 0.20312094,
        0.51492848, 0.19960988, 0.08005202, 0.23921977, 0.0643173 ,
        0.07347204, 0.47864759, 0.39120936, 0.18119636, 0.12444733,
        0.19903771, 0.80241873, 0.30111834, 0.78062419],
       [0.99042913, 0.18104031, 0.06749025, 0.50470741, 0.28951886,
        0.51446034, 0.10486346, 0.66676203, 0.62054616, 0.5626528 ,
        0.85693108, 0.85019506, 0.94286086, 0.63843953, 0.97820546,
        0.52556567, 0.93628088, 0.87648895, 0.98785436],
       [0.22824447, 0.01971391, 0.30226268, 0.33825748, 0.8663199 ,
        0.8330039 , 0.98449935, 0.61417425, 0.17451235, 0.45997399,
        0.77914174, 0.07417425, 0.8116775 , 0.82026008, 0.1179974 ,
        0.91126138, 0.6783355 , 0.16124837, 0.26717815],
       [0.86845254, 0.34990897, 0.63612484, 0.99482445, 0.416671  ,
        0.3970091 , 0.14538362, 0.56704811, 0.30371912, 0.15035111,
        0.46723017, 0.76629389, 0.64496749, 0.04780234, 0.99053316,
        0.49976593, 0.27578674, 0.96957087, 0.2359948 ],
       [0.95318596, 0.66819246, 0.87094928, 0.87292588, 0.44093628,
        0.49074122, 0.38322497, 0.87053316, 0.08962289, 0.52803641,
        0.1973212 , 0.69750325, 0.80970091, 0.54959688, 0.21971391,
        0.28174252, 0.57383615, 0.57152146, 0.43456437],
       [0.18905072, 0.45882965, 0.69620286, 0.63061118, 0.64587776,
        0.77282185, 0.29789337, 0.79126138, 0.24605982, 0.11061118,
        0.92439532, 0.36694408, 0.20002601, 0.53914174, 0.65019506,
        0.98936281, 0.13537061, 0.97295189, 0.12616385],
       [0.13942783, 0.51425228, 0.89472042, 0.06863459, 0.12221066,
        0.49706112, 0.02158648, 0.28096229, 0.11721717, 0.25003901,
        0.61170351, 0.85895969, 0.10512354, 0.94811443, 0.16629389,
        0.10122237, 0.85050715, 0.09446034, 0.68902471]])]