Particle: CF-01-R009 
Diameter: 406.5 μm 
Initial temperature: 1,900 K

final bubble diameters (μm):
 [array([[29.72777126, 29.76355179, 23.74880092, 27.75681372, 19.28386098,
        17.65833391, 15.61767213, 17.80742561, 27.80014892, 15.86084828,
        18.22281273, 28.82389504, 23.9323135 , 19.39153436, 29.45872726,
        17.71894325, 29.79078053, 29.9591889 , 17.89589278, 29.65062535],
       [18.15111928, 17.30868471, 15.40408814, 29.68840836, 15.22796809,
        30.01629491, 17.2348941 , 17.98419593, 17.4390066 , 29.39558406,
        29.69453961, 17.83299714, 18.87447259, 17.86624716, 26.13108533,
        17.10427081, 30.02599138, 27.62026384, 18.31341611, 30.01323042],
       [28.89135935, 19.94618169, 29.83516846, 19.67429321, 22.92255968,
        30.07012858, 29.6023126 , 26.49255079, 30.07555727, 17.02266348,
        29.7567714 , 29.34221026, 27.51420936, 17.13377787, 29.84742757,
        28.69176497, 29.82178177, 28.2810206 , 16.98182194, 16.60897378],
       [17.14744584, 29.77924053, 29.86402136, 29.85962745, 29.14639894,
        19.21615678, 18.8456241 , 28.93329804, 17.62652679, 23.24578925,
        29.9025    , 16.96089706, 27.7496328 , 17.97405533, 29.3346723 ,
        29.52775177, 19.1398607 , 29.53309909, 29.88463072, 18.62990675],
       [30.02428397, 17.32448155, 29.9087846 , 23.00968141, 30.15116355,
        29.76957051, 22.6499635 , 16.72267866, 29.41493113, 29.87363576,
        29.99081375, 17.68741154, 30.09563221, 29.83467837, 29.6663677 ,
        29.78325195, 29.97269137, 28.53780301, 29.93552555, 22.8662068 ],
       [17.69689131, 29.93261849, 18.98575271, 29.99838977, 29.58911497,
        29.77306245, 30.06538241, 29.8943374 , 18.82059127, 28.600387  ,
        19.33197451, 17.9072905 , 29.77915983, 22.77813962, 29.65525637,
        17.02466352, 29.94139251, 19.04593571, 30.24302631, 29.66485797],
       [30.00133003, 30.03367992, 22.69167369, 27.4745083 , 26.84524704,
        16.23898164, 29.67796212, 25.65873051, 29.15566739, 17.37962882,
        29.49757272, 17.01449298, 17.78723667, 22.85850014, 17.83617722,
        26.59900141, 18.00556592, 29.8529854 , 30.15580034, 29.91269554],
       [29.7792439 , 25.31251977, 18.06679459, 30.05768125, 24.65446974,
        29.98495274, 17.86192943, 29.67107424, 29.61438018, 18.72683101,
        17.92671233, 28.54375404, 29.73784696, 28.02405702, 29.54609816,
        18.48508552, 28.57662335, 27.57071902, 29.72037383, 17.7533089 ],
       [27.48828199, 21.45965848, 17.39063269, 17.06778952, 15.59247678,
        27.86921377, 29.87292318, 30.03828607, 29.50923491, 29.27803403,
        18.96008408, 18.4676738 , 18.08571698, 16.14397089, 18.95791963,
        18.04264455, 17.33367233, 18.57819909, 29.95378756, 22.50372361],
       [29.97596999, 29.8828474 , 29.94587366, 29.54984611, 17.26344563,
        29.65298159, 17.80311427, 29.7641375 , 17.84701461, 16.30597995,
        29.54952357, 16.81315965, 29.67943494, 29.15249747, 29.44821319,
        25.32890924, 29.96948451, 24.46155189, 24.12615371, 28.50892323]])]

bubble initial positions (μm) (not normalised) [array([[ 72.04,   7.6 , 276.69, 228.48, 300.56, 347.62, 324.28, 385.74,
        248.27, 385.02, 321.44, 221.06, 271.46, 394.76, 210.99, 309.62,
        170.63, 110.23, 336.03, 138.59],
       [315.86, 307.95, 401.1 , 135.9 , 331.81,  13.47, 383.42, 310.37,
        373.38, 103.76, 109.59, 328.08, 302.82, 363.3 , 248.88, 324.06,
         15.08, 234.29, 307.73, 104.25],
       [215.99, 301.95, 132.13, 304.41, 278.83,   7.3 , 129.83, 240.58,
        134.31, 346.89,  51.47,  53.75, 234.41, 313.59,  49.74, 219.51,
         74.31, 222.08, 356.94, 361.19],
       [319.43, 211.71,   4.35, 110.97, 219.7 , 358.68, 360.73, 212.45,
        316.54, 274.33, 166.39, 375.95, 231.78, 350.69, 141.94,  48.77,
        306.45, 137.  ,  67.06, 372.98],
       [ 51.86, 373.74,  41.13, 293.33,  66.71, 150.43, 291.43, 380.12,
         82.52, 176.2 , 180.89, 363.16, 161.63,  49.47,  23.28,  18.3 ,
        110.45, 207.59,  10.72, 291.35],
       [302.16, 173.84, 301.06,  33.27,   3.93,  93.52,  50.87,  79.86,
        372.91, 214.8 , 307.2 , 378.66, 162.96, 277.26, 206.36, 357.31,
         75.98, 346.76,   6.82,   7.02],
       [ 96.86, 145.21, 273.35, 242.27, 260.16, 385.28, 175.71, 253.87,
        200.38, 373.12, 139.32, 334.65, 366.28, 281.45, 394.85, 245.79,
        326.61,   0.54, 125.73, 163.23],
       [ 35.03, 258.16, 349.  , 113.27, 269.05, 100.31, 318.76, 116.97,
        155.93, 314.19, 311.34, 217.82, 154.14, 213.59,   4.62, 308.68,
        233.98, 231.79, 204.31, 334.61],
       [230.25, 287.95, 365.06, 388.87, 372.41, 230.41,  38.38,   8.66,
        177.39, 202.86, 294.63, 385.03, 348.91, 395.85, 326.73, 376.13,
        379.46, 321.12,  13.36, 288.77],
       [133.42, 155.97, 131.42, 172.26, 384.39, 170.87, 369.97, 117.03,
        356.27, 313.41, 184.01, 400.35,  96.69, 140.76, 189.39, 260.93,
         57.42, 259.6 , 272.69, 223.82]])]
bubble initial positions (normalised) [array([[0.17722017, 0.01869619, 0.68066421, 0.56206642, 0.73938499,
        0.85515375, 0.79773678, 0.94892989, 0.61075031, 0.94715867,
        0.79075031, 0.54381304, 0.66779828, 0.97111931, 0.51904059,
        0.76167282, 0.419754  , 0.27116851, 0.82664207, 0.34093481],
       [0.77702337, 0.75756458, 0.98671587, 0.33431734, 0.81626076,
        0.03313653, 0.94322263, 0.76351784, 0.91852399, 0.25525215,
        0.2695941 , 0.80708487, 0.74494465, 0.89372694, 0.61225092,
        0.79719557, 0.03709717, 0.57635916, 0.75702337, 0.25645756],
       [0.53134071, 0.74280443, 0.32504305, 0.74885609, 0.68592866,
        0.01795818, 0.31938499, 0.59183272, 0.3304059 , 0.85335793,
        0.12661747, 0.13222632, 0.57665437, 0.77143911, 0.12236162,
        0.54      , 0.18280443, 0.54632226, 0.87808118, 0.88853629],
       [0.78580566, 0.52081181, 0.01070111, 0.27298893, 0.5404674 ,
        0.88236162, 0.88740467, 0.52263223, 0.77869619, 0.67485855,
        0.40932349, 0.92484625, 0.5701845 , 0.86270603, 0.34917589,
        0.1199754 , 0.75387454, 0.33702337, 0.16496925, 0.91753998],
       [0.12757688, 0.91940959, 0.10118081, 0.72159902, 0.16410824,
        0.3700615 , 0.71692497, 0.93510455, 0.20300123, 0.43345633,
        0.44499385, 0.89338253, 0.39761378, 0.12169742, 0.05726937,
        0.04501845, 0.27170972, 0.51067651, 0.02637146, 0.71672817],
       [0.74332103, 0.42765068, 0.74061501, 0.08184502, 0.0096679 ,
        0.2300615 , 0.12514145, 0.19645756, 0.91736777, 0.52841328,
        0.75571956, 0.93151292, 0.40088561, 0.68206642, 0.50765068,
        0.87899139, 0.18691267, 0.85303813, 0.01677737, 0.01726937],
       [0.23827798, 0.35722017, 0.67244772, 0.59599016, 0.64      ,
        0.94779828, 0.43225092, 0.62452645, 0.49293973, 0.91788438,
        0.34273063, 0.82324723, 0.90105781, 0.69237392, 0.97134071,
        0.60464945, 0.80346863, 0.00132841, 0.30929889, 0.40154982],
       [0.08617466, 0.63507995, 0.85854859, 0.27864699, 0.66186962,
        0.24676507, 0.78415744, 0.28774908, 0.38359164, 0.77291513,
        0.76590406, 0.53584256, 0.37918819, 0.52543665, 0.01136531,
        0.75936039, 0.57559656, 0.5702091 , 0.50260763, 0.82314883],
       [0.56642066, 0.70836408, 0.89805658, 0.95662977, 0.91613776,
        0.56681427, 0.09441574, 0.02130381, 0.43638376, 0.49904059,
        0.72479705, 0.94718327, 0.85832718, 0.97380074, 0.80376384,
        0.92528905, 0.93348093, 0.7899631 , 0.03286593, 0.7103813 ],
       [0.32821648, 0.38369004, 0.32329643, 0.42376384, 0.94560886,
        0.4203444 , 0.9101353 , 0.28789668, 0.87643296, 0.77099631,
        0.45266913, 0.98487085, 0.23785978, 0.34627306, 0.46590406,
        0.64189422, 0.14125461, 0.63862239, 0.67082411, 0.55060271]])]