Particle: CF-01-T18 
Diameter: 336.5 μm 
Initial temperature: 1,900 K

final bubble diameters (μm)
[array([[30.66493442, 30.7014603 , 30.63699229, 26.892325  , 18.3259709 ,
        24.96991973, 16.91222   , 30.71050569, 16.3239175 , 18.58866053,
        24.96038533, 18.22848147, 29.71476592, 30.70207025, 30.68495253,
        30.56803965],
       [17.84768998, 30.57378893, 27.69044486, 16.06790312, 15.87808227,
        22.45738913, 24.42812624, 17.62672124, 17.64010933, 18.18163529,
        18.2156539 , 30.69616292, 30.48179649, 29.54785165, 16.83564245,
        30.5356183 ],
       [16.87773375, 18.24354655, 28.94493993, 18.42193382, 18.18727483,
        19.70973873, 18.86678129, 19.3279822 , 18.79889399, 17.94998084,
        30.64945522, 18.33288866, 17.27520526, 29.96560741, 23.65244964,
        30.41548824],
       [30.62143039, 28.05178254, 17.31594131, 16.65798391, 23.08894803,
        30.43217349, 17.24570611, 30.4570347 , 29.27583693, 14.93914566,
        30.57975436, 28.54685169, 30.63805333, 16.59387819, 18.04846162,
        17.99398393],
       [24.08454393, 30.32878981, 30.03508622, 29.92080189, 27.44512076,
        17.99859694, 17.98008838, 18.04298881, 30.59586183, 30.63617948,
        27.31504718, 30.06867549, 30.58793788, 30.55812373, 18.43191236,
        17.9865014 ],
       [23.31775619, 29.69274743, 28.60658346, 24.85662503, 25.65401103,
        30.61384053, 30.03735173, 30.53202653, 27.98962584, 17.81983515,
        29.36916719, 30.38013694, 30.63091719, 26.5043184 , 29.88647778,
        30.43907389],
       [19.01255912, 29.92122826, 30.573447  , 30.63936823, 29.13614797,
        29.54379692, 25.7131545 , 30.35361237, 30.56914925, 30.66157147,
        28.84596215, 30.66103976, 21.46784696, 29.31147772, 30.59055752,
        19.38992593],
       [29.6954689 , 29.2075406 , 29.83775295, 17.59844314, 16.83216582,
        18.02616662, 30.58590878, 21.92674181, 16.86902891, 30.57714146,
        29.48509409, 28.15820716, 30.2446602 , 18.89877993, 26.84708007,
        21.61756799],
       [22.82732884, 30.65649474, 30.60371784, 30.46372972, 29.68881073,
        30.31035862, 15.36500443, 30.00853374, 30.02076603, 29.52722804,
        30.50454412, 30.55310866, 29.68926907, 30.64304347, 29.36355882,
        30.60346382],
       [29.74742459, 21.87834008, 19.20029219, 17.01534501, 26.30419405,
        30.6164725 , 16.56640736, 18.49071572, 18.40388989, 30.38495948,
        20.41355824, 17.35449016, 17.67157205, 27.36338604, 19.76744272,
        28.26680391]])]

bubble initial positions (μm)(not normalised) 
[array([[ 55.75,  67.79,  23.6 , 204.05, 335.69, 210.28, 298.78,  43.92,
        317.01, 288.95, 217.6 , 318.19, 134.9 ,  56.3 ,  53.39,  80.58],
       [291.62,  59.9 , 197.14, 307.57, 330.58, 239.12, 222.15, 335.21,
        305.3 , 270.75, 268.43,   6.3 ,  75.79, 150.9 , 307.38,   9.51],
       [263.82, 291.64, 161.74, 331.62, 297.56, 250.32, 289.33, 324.66,
        294.81, 324.87,  73.38, 244.26, 305.93, 136.56, 222.53,  57.35],
       [ 34.8 , 192.21, 267.58, 268.06, 242.  ,  85.82, 311.8 ,  99.88,
        146.14, 333.14,  32.59, 181.45,  51.41, 315.15, 327.81, 316.29],
       [217.03, 110.38, 138.92, 142.6 , 195.05, 286.69, 253.11, 300.79,
         12.5 ,  43.11, 189.67, 137.54,  36.53,  77.42, 296.51, 296.36],
       [227.64, 146.49, 164.17, 235.48, 204.52,  11.1 , 117.96,  29.74,
        183.87, 273.47, 138.98, 109.95,  21.53, 196.59, 124.78,  60.99],
       [275.43, 142.37,  60.91,  28.04, 166.57, 159.62, 204.87,  99.03,
         12.74,  51.43, 182.79,  40.5 , 245.61, 158.77,  14.52, 267.37],
       [151.37, 158.15, 112.51, 297.74, 253.75, 258.71,  41.13, 243.1 ,
        287.  ,  16.74, 152.01, 192.09, 113.7 , 271.32, 204.38, 241.33],
       [226.32,  59.77,  55.84, 101.22, 147.25, 121.33, 272.63, 110.99,
        128.4 , 146.64,  91.13,  39.53, 148.97,  15.81, 149.03,  34.11],
       [140.3 , 233.48, 328.04, 328.26, 197.42,  55.64, 281.43, 270.77,
        294.48, 112.96, 251.13, 272.57, 280.48, 207.61, 265.29, 170.91]])]

bubble initial positions (normalised) [array([[0.16567608, 0.20145617, 0.07013373, 0.6063893 , 0.99759287,
        0.62490342, 0.8879049 , 0.13052006, 0.94208024, 0.85869242,
        0.64665676, 0.94558692, 0.40089153, 0.16731055, 0.1586627 ,
        0.23946508],
       [0.86662704, 0.17800892, 0.58585438, 0.91402675, 0.98240713,
        0.71060921, 0.66017831, 0.99616642, 0.90728083, 0.80460624,
        0.79771174, 0.01872214, 0.22523031, 0.44843982, 0.91346211,
        0.02826152],
       [0.78401189, 0.86668648, 0.48065379, 0.98549777, 0.88427935,
        0.74389302, 0.85982169, 0.96481426, 0.87610698, 0.96543834,
        0.21806835, 0.7258841 , 0.90915305, 0.40582467, 0.66130758,
        0.17043091],
       [0.10341753, 0.57120357, 0.79518574, 0.79661218, 0.7191679 ,
        0.25503715, 0.92659733, 0.29682021, 0.43429421, 0.99001486,
        0.09684993, 0.53922734, 0.1527786 , 0.93655275, 0.97417533,
        0.93994056],
       [0.64496285, 0.32802377, 0.41283804, 0.42377415, 0.57964339,
        0.85197623, 0.75218425, 0.89387816, 0.0371471 , 0.12811293,
        0.56365527, 0.408737  , 0.10855869, 0.23007429, 0.88115899,
        0.88071322],
       [0.67649331, 0.43533432, 0.48787519, 0.69979198, 0.60778603,
        0.03298663, 0.35054978, 0.08838039, 0.54641902, 0.81268945,
        0.41301634, 0.32674591, 0.06398217, 0.58421991, 0.37081724,
        0.18124814],
       [0.81851412, 0.42309064, 0.1810104 , 0.08332838, 0.49500743,
        0.47435364, 0.60882615, 0.29429421, 0.03786033, 0.15283804,
        0.54320951, 0.12035661, 0.72989599, 0.47182764, 0.04315007,
        0.79456166],
       [0.44983655, 0.46998514, 0.33435364, 0.88481426, 0.75408618,
        0.76882615, 0.12222883, 0.72243685, 0.85289747, 0.0497474 ,
        0.45173848, 0.57084695, 0.33789004, 0.80630015, 0.60736999,
        0.71717682],
       [0.67257058, 0.17762259, 0.16594354, 0.30080238, 0.43759287,
        0.36056464, 0.81019316, 0.32983655, 0.38157504, 0.43578009,
        0.27081724, 0.117474  , 0.44270431, 0.04698366, 0.44288262,
        0.10136701],
       [0.41693908, 0.69384844, 0.97485884, 0.97551263, 0.58668648,
        0.16534918, 0.83634473, 0.80466568, 0.8751263 , 0.33569094,
        0.74630015, 0.81001486, 0.83352155, 0.6169688 , 0.78838039,
        0.5079049 ]])]